image: pedestrian_world.pgm
resolution: 0.050000
origin: [-0.488076, -0.515603, 0.000000]
negate: 0
occupied_thresh: 0.65
free_thresh: 0.196

